41.3948 59.9662 73.6775 83.7803 66.6678 66.4146 93.2363 82.4755 75.8316 85.7056 81.0166 73.4664 74.1538 73.5633 78.1654 90.1287 61.0668 82.3129 86.4796 66.8691 92.0119 
69.1884 89.0101 82.4371 74.2519 71.1926 63.3141 72.8426 70.4766 77.3764 70.736 83.27 72.7481 80.9127 65.6669 94.0514 67.7509 50.7828 72.4726 71.7096 48.748 103.814 
61.48 74.7996 76.6284 77.7353 64.6633 102.28 68.7195 83.2391 86.9377 85.5587 73.9885 75.5495 74.4415 84.3514 82.6714 91.4637 50.7588 60.3001 86.4826 55.7186 76.2959 
53.1508 54.2783 71.9522 114.145 72.5238 70.5053 77.324 76.7873 83.4407 78.1291 79.9284 67.0801 77.7594 68.3789 102.192 78.767 75.5283 86.8822 99.1081 89.2734 67.8514 
65.0743 63.5783 51.7812 74.3784 92.5356 70.4194 67.5604 82.2684 85.5505 83.9596 83.1483 76.8291 75.1694 83.5344 73.4498 73.1991 95.9811 82.7482 57.1084 63.2341 82.8082 
76.3861 103.628 68.7853 68.379 61.5962 69.105 74.9704 77.5221 78.7655 81.2386 77.9091 69.9436 75.7816 78.6127 74.7024 90.7316 80.5832 66.9153 78.0881 70.3231 48.0314 
104.689 91.6952 47.1668 61.3171 68.497 87.5746 72.6869 76.5132 80.2507 86.1907 80.0663 79.5484 82.4794 78.7611 69.4001 71.0716 92.1453 61.1331 72.398 88.0584 80.9048 
48.22 37.6939 64.7921 87.1926 82.4825 63.8746 68.8529 78.4835 70.419 68.0082 80.7391 97.2631 79.5442 75.2251 81.7751 63.5347 91.1292 80.2141 84.584 82.2603 68.9702 
51.6765 63.4435 85.4184 60.3296 63.8647 72.4593 70.9551 85.8558 70.9429 77.4121 82.4479 76.6427 79.5283 75.5805 73.1001 69.0931 63.9346 76.7227 87.8698 89.6334 70.2095 
73.736 87.8098 76.6735 91.5855 76.5397 88.4703 84.0703 72.0629 77.2184 69.9582 70.5944 78.0683 83.4805 78.8953 78.37 74.7367 62.4123 77.5293 84.6238 62.4259 46.9792 
89.0622 86.5412 55.5183 66.0087 70.4072 76.4634 94.6142 82.733 84.3241 81.9082 73.9171 79.8638 76.2366 72.4606 74.0495 70.9414 83.8472 67.5 72.1246 55.3119 91.9232 
74.9402 64.7485 48.3334 64.7943 64.3846 78.7528 70.1103 72.3841 75.4067 79.8391 73.4292 81.2831 73.604 74.9702 75.19 78.4744 63.9198 120.672 82.3105 89.645 99.3615 
49.8401 38.8905 61.2706 74.4413 93.2518 74.467 71.4202 76.1759 74.2458 84.2554 84.5884 66.2855 76.9398 77.1945 70.3618 61.1889 65.733 61.1597 50.7399 80.4944 37.1881 
71.8472 111.037 55.3006 52.8309 77.8077 65.7906 63.1588 69.9945 74.5746 96.2687 73.5659 72.4675 79.3138 76.9974 100.924 68.3144 75.5023 46.7273 82.0057 57.4546 27.4883 
66.8355 53.5732 86.8171 88.5972 86.8329 96.92 73.9804 87.2589 65.83 68.5258 83.0463 87.9188 76.1639 71.1131 79.5605 70.7749 64.9774 77.5656 53.6367 102.421 76.8326 
49.1453 82.9363 65.7625 79.8336 57.2853 71.3778 77.9911 66.9775 67.8281 75.4003 87.5924 86.4207 87.9657 77.0397 60.6597 59.4729 65.469 78.9322 96.794 113.106 70.2007 
82.5743 62.0035 61.6538 61.9365 77.8648 62.8138 75.4565 88.8681 76.0434 81.2976 72.3447 83.116 79.3285 60.8562 68.2127 68.683 72.9808 70.0628 86.9356 57.2699 55.7904 
75.612 84.3862 76.7271 72.0584 60.8868 74.767 73.9384 78.2153 74.8044 77.4729 78.8797 79.8081 82.7835 93.9535 63.145 86.9009 63.7708 56.3547 65.8619 69.8503 63.1518 
43.3663 75.588 70.4794 74.8723 68.2335 89.3244 81.7239 82.5451 81.1745 78.9478 79.0623 69.2351 78.6905 72.2363 71.155 68.8029 94.5906 96.6268 93.7379 44.0644 71.1706 
81.2673 76.166 66.2185 54.4219 78.426 86.5136 88.0825 73.2409 82.467 79.7944 67.7771 71.6555 81.4203 77.5494 73.3627 82.8406 101.055 54.2572 58.539 80.3298 62.3541 
98.3615 86.6221 60.1908 83.9566 60.109 71.5699 69.9175 85.6402 80.7363 99.5474 79.7617 71.9852 75.5734 68.9909 77.1919 71.8489 76.5298 59.3135 62.1933 48.711 49.2106 
